11	100 1
12	100 0
13	100 0
14	100 0
15	100 0
16	100 0
17	100 0
18	100 0
19	100 0
20	100 0
21	100 0
22	100 0
23	100 0
24	100 0
25	100 0
26	100 0
27	100 0
28	100 0
29	100 0
30	100 0
31	100 0
32	100 0
33	100 0
34	100 0
35	100 0
36	100 0
37	100 0
38	100 0
39	100 0
40	100 0
41	100 0
42	100 0
43	100 0
44	100 0
45	100 0
46	100 0
47	100 0
48	100 0
49	100 0
50	100 0
51	100 0
52	100 0
53	100 0
54	100 0
55	100 1
56	100 0
57	100 1
58	100 0
59	100 1
60	100 1
61	100 2
62	100 0
63	100 0
64	100 0
65	100 0
66	100 1
67	100 1
68	100 0
69	100 5
70	100 2
71	100 7
72	96 11
73	85 89
74	71 517
75	62 91
76	51 555
77	50 436
78	38 514
79	37 395
80	34 340
81	37 216
82	41 178
83	37 224
84	32 205
85	32 204
86	40 206
87	42 180
88	50 123
89	51 210
90	59 168
91	62 267
92	71 215
93	61 273
94	65 213
95	66 254
96	70 152
97	67 243
98	58 279
99	56 306
100	56 350
101	60 238
102	59 187
103	60 281
104	54 290
105	50 294
106	55 324
107	58 161
108	57 181
109	59 202
110	56 289
111	58 237
112	58 285
113	55 265
114	62 170
115	58 229
116	65 294
117	65 231
118	59 305
119	62 255
120	64 220
121	68 179
122	64 176
123	59 261
124	61 255
125	68 251
126	69 179
127	65 185
128	70 207
129	70 168
130	68 256
131	73 272
132	63 253
133	71 219
134	77 270
135	68 279
136	73 178
137	69 259
138	66 292
139	69 273
140	67 301
141	67 201
142	73 121
143	72 141
144	71 228
145	67 313
146	71 300
147	74 227
148	69 188
149	65 228
150	72 230
151	68 162
152	69 213
153	70 144
154	70 82
155	72 130
156	71 177
157	60 144
158	59 129
159	58 197
160	58 96
161	58 85
162	63 145
163	56 92
164	57 86
165	55 127
166	58 105
167	62 93
168	57 77
169	61 81
170	64 74
171	61 124
172	60 84
173	64 59
174	67 60
175	63 42
176	65 40
177	66 49
178	66 46
179	65 35
180	65 36
181	67 17
182	66 30
183	65 34
184	72 21
185	71 22
186	73 28
187	75 15
188	72 21
189	71 21
190	71 31
191	74 18
192	75 23
193	79 26
194	80 20
195	80 10
196	77 23
197	78 16
198	78 18
199	79 12
200	79 22
201	77 20
202	81 15
203	81 16
204	80 15
205	82 27
206	80 14
207	78 26
208	81 12
209	82 13
210	79 32
211	72 30
212	79 21
213	80 16
214	76 24
215	77 13
216	74 31
217	80 12
218	76 35
219	71 16
220	74 13
221	74 14
222	76 31
223	71 33
224	75 31
225	75 53
226	73 19
227	77 18
228	75 43
229	78 19
230	78 16
231	78 27
232	81 26
233	79 21
234	81 34
235	81 29
236	82 34
237	77 14
238	80 22
239	83 21
240	84 19
241	84 22
242	82 22
243	84 22
244	84 21
245	83 20
246	85 35
247	81 24
248	79 26
249	85 16
250	82 40
251	85 28
252	83 21
253	82 7
254	80 17
255	83 14
256	81 42
257	84 12
258	83 19
259	80 24
260	82 27
261	79 34
262	76 17
263	73 25
264	73 17
265	76 10
266	71 21
267	73 24
268	74 10
269	76 16
270	73 15
271	75 11
272	74 16
273	77 10
274	74 20
275	77 10
276	75 15
277	80 16
278	79 9
279	82 13
280	81 13
281	83 11
282	80 18
283	77 16
284	79 17
285	79 10
286	81 2
287	82 14
288	80 11
289	83 10
290	85 6
291	82 12
292	78 17
293	78 14
294	80 14
295	78 10
296	80 7
297	78 12
298	76 11
299	73 27
300	74 14
301	75 7
302	76 6
303	76 20
304	73 32
305	63 9
306	63 22
307	65 10
308	64 8
309	65 4
310	63 8
311	62 5
312	62 10
313	64 7
314	65 6
315	66 9
316	71 3
317	75 3
318	80 8
319	81 3
320	83 6
321	84 6
322	87 8
323	87 4
324	88 2
325	88 6
326	91 4
327	88 7
328	91 4
329	88 8
330	89 15
331	88 7
332	81 11
333	84 6
334	84 6
335	84 15
336	80 13
337	80 6
338	78 13
339	81 1
340	77 7
341	78 5
342	75 13
343	79 15
344	79 4
345	80 6
346	81 3
347	83 5
348	87 6
349	86 8
350	87 2
351	86 4
352	88 2
353	89 9
354	88 6
355	90 6
356	91 4
357	90 8
358	88 11
359	90 5
360	87 5
361	90 4
362	89 8
363	89 3
364	92 2
365	90 3
366	89 13
367	89 8
368	88 4
369	87 8
370	89 4
371	89 3
372	90 13
373	90 3
374	91 1
375	88 13
376	92 7
377	89 6
378	91 3
379	91 5
380	90 9
381	91 4
382	91 4
383	89 2
384	89 7
385	92 6
386	94 6
387	93 5
388	94 2
389	94 3
390	92 3
391	92 10
392	92 5
393	93 3
394	92 7
395	93 4
396	93 2
397	92 0
398	91 10
399	90 9
400	89 8
401	89 9
402	89 10
403	88 9
404	89 5
405	87 14
406	88 4
407	87 7
408	90 4
409	89 5
410	87 6
411	87 8
412	89 6
413	88 3
414	86 9
415	88 1
416	90 4
417	88 10
418	87 8
419	88 4
420	89 1
421	88 6
422	89 7
423	89 11
424	89 6
425	89 1
426	89 13
427	90 7
428	89 7
429	88 8
430	91 1
431	91 0
432	91 4
433	92 1
434	90 3
435	89 4
436	88 2
437	87 4
438	91 1
439	89 4
440	90 1
441	89 3
442	88 4
443	90 1
444	89 2
445	90 4
446	92 3
447	93 2
448	95 0
449	96 0
450	95 4
451	98 1
452	95 2
453	95 2
454	93 4
455	96 3
456	93 4
457	93 2
458	91 4
459	93 1
460	93 1
461	92 6
462	92 3
463	90 6
464	92 4
465	93 5
466	92 1
467	92 1
468	91 2
469	91 2
470	92 2
471	93 3
472	94 1
473	91 3
474	91 5
475	93 3
476	92 1
477	91 3
478	91 2
479	91 4
480	91 1
481	86 5
482	86 4
483	87 5
484	87 4
485	88 2
486	88 3
487	88 5
488	87 6
489	87 4
490	88 4
491	86 6
492	87 9
493	88 11
494	89 9
495	91 6
496	94 0
497	92 15
498	91 6
499	93 16
500	94 5
501	93 19
502	92 12
503	89 6
504	91 8
505	91 20
506	90 18
507	90 10
508	89 12
509	87 10
510	89 7
511	89 6
512	89 7
513	86 9
514	86 7
515	84 12
516	87 10
517	87 9
518	87 5
519	85 11
520	87 11
521	89 7
522	88 9
523	89 20
524	79 253
525	68 214
526	70 38
527	49 224
528	52 199
529	49 348
530	50 175
531	47 271
532	46 222
533	57 60
534	44 258
535	49 309
536	49 228
537	50 277
538	52 398
539	61 96
540	60 469
541	59 456
542	56 392
543	59 345
544	61 275
545	50 233
546	60 188
547	59 204
548	65 162
549	49 236
550	62 237
551	66 222
552	62 284
553	63 254
554	72 135
555	65 223
556	68 296
557	78 326
558	77 354
559	77 439
560	73 484
561	81 178
562	81 616
563	75 560
564	73 627
565	75 505
566	80 360
567	75 336
568	69 257
569	61 342
570	73 281
571	64 208
572	69 244
573	73 170
574	67 153
575	74 247
576	77 188
577	66 165
578	65 243
579	75 192
580	79 194
581	76 197
582	71 203
583	70 223
584	66 223
585	64 228
586	69 189
587	73 112
588	62 197
589	69 278
590	68 275
591	53 218
592	54 204
593	70 86
594	75 181
595	77 184
596	70 170
597	65 213
598	68 148
599	76 129
600	65 163
601	61 213
602	63 192
603	62 185
604	54 197
605	66 150
606	64 119
607	60 206
608	55 181
609	63 122
610	60 162
611	67 132
612	64 136
613	56 157
614	63 136
615	63 126
616	58 152
617	65 140
618	65 137
619	61 176
620	62 127
621	66 183
622	62 146
623	56 183
624	58 201
625	71 160
626	72 164
627	61 178
628	62 173
629	56 165
630	58 169
631	63 120
632	55 139
633	60 145
634	57 134
635	62 201
636	60 197
637	56 157
638	62 144
639	55 160
640	55 193
641	61 214
642	56 205
643	67 200
644	56 223
645	51 233
646	55 182
647	55 184
648	57 167
649	56 163
650	59 196
651	56 185
652	57 176
653	61 167
654	59 162
655	53 181
656	57 165
657	61 156
658	57 224
659	59 172
660	63 157
661	58 162
662	61 154
663	71 167
664	59 176
665	55 180
666	64 160
667	59 127
668	59 143
669	59 157
670	64 109
671	61 159
672	55 169
673	61 138
674	59 154
675	66 216
676	72 171
677	67 188
678	68 152
679	67 174
680	65 161
681	55 145
682	66 133
683	63 140
684	55 205
685	66 169
686	61 145
687	55 169
688	58 193
689	62 173
690	53 160
691	56 172
692	47 158
693	59 181
694	50 197
695	58 121
696	58 150
697	63 197
698	66 149
699	57 160
700	55 177
701	56 183
702	67 153
703	66 184
704	68 180
705	58 184
706	62 265
707	65 227
708	65 201
709	62 227
710	71 162
711	68 142
712	72 224
713	68 212
714	68 145
715	55 208
716	59 195
717	65 134
718	68 186
719	53 131
720	68 121
721	64 164
722	61 133
723	60 160
724	58 195
725	54 189
726	63 175
727	67 124
728	59 132
729	61 120
730	63 116
731	62 105
732	70 109
733	65 109
734	72 136
735	66 163
736	76 134
737	75 152
738	71 121
739	78 154
740	72 127
741	70 120
742	61 176
743	66 144
744	67 148
745	62 163
746	66 120
747	64 160
748	71 176
749	71 164
750	70 102
751	70 122
752	67 132
753	68 107
754	66 126
755	67 124
756	65 116
757	67 151
758	65 108
759	60 118
760	66 81
761	54 100
762	66 93
763	68 113
764	67 72
765	69 110
766	76 104
767	77 88
768	79 97
769	78 96
770	80 105
771	79 103
772	76 135
773	68 157
774	75 116
775	81 111
776	78 93
777	75 110
778	74 135
779	79 102
780	80 122
781	75 120
782	66 137
783	73 122
784	71 115
785	69 117
786	73 138
787	72 128
788	67 158
789	69 97
790	68 132
791	64 162
792	65 119
793	63 149
794	68 122
795	67 171
796	70 125
797	67 113
798	70 108
799	70 125
800	68 115
801	69 115
802	71 113
803	70 114
804	72 143
805	74 144
806	75 139
807	74 133
808	74 162
809	75 106
810	77 119
811	79 128
812	78 124
813	77 130
814	78 136
815	79 107
816	70 130
817	74 119
818	73 153
819	71 119
820	65 130
821	69 127
822	70 140
823	69 126
824	65 119
825	72 139
826	59 139
827	71 168
828	69 114
829	64 119
830	63 155
831	64 157
832	70 162
833	69 150
834	67 113
835	65 138
836	65 114
837	66 113
838	64 90
839	71 128
840	73 115
841	77 122
842	72 121
843	81 83
844	68 143
845	78 93
846	84 103
847	82 153
848	80 129
849	78 178
850	80 149
851	76 122
852	79 127
853	78 159
854	76 176
855	79 101
856	72 115
857	77 129
858	74 134
859	76 128
860	76 127
861	76 123
862	69 152
863	77 106
864	71 120
865	72 107
866	80 126
867	75 120
868	80 150
869	79 113
870	82 128
871	83 137
872	76 171
873	82 125
874	75 137
875	76 140
876	70 174
877	77 128
878	78 131
879	80 142
880	78 141
881	82 143
882	76 173
883	79 136
884	85 138
885	87 137
886	80 159
887	86 154
888	82 188
889	84 134
890	82 159
891	73 134
892	81 168
893	79 133
894	89 185
895	87 154
896	89 191
897	83 141
898	83 156
899	79 148
900	82 178
901	79 152
902	79 176
903	75 169
904	80 192
905	72 198
906	64 171
907	71 196
908	64 239
909	66 191
910	68 173
911	75 128
912	67 186
913	73 127
914	75 130
915	67 153
916	79 162
917	76 112
918	77 124
919	77 124
920	77 108
921	76 133
922	80 88
923	82 69
924	77 71
925	76 77
926	80 103
927	73 74
928	80 62
929	77 51
930	77 35
931	73 65
932	75 50
933	75 47
934	70 39
935	68 43
936	65 49
937	70 30
938	69 36
939	63 24
940	64 27
941	69 26
942	66 30
943	66 16
944	71 14
945	74 25
946	74 15
947	69 17
948	71 20
949	73 22
950	74 15
951	71 22
952	70 12
953	68 15
954	66 16
955	68 16
956	69 15
957	67 11
958	70 12
959	70 12
960	67 16
961	68 15
962	64 20
963	64 12
964	62 28
965	66 14
966	64 13
967	68 17
968	64 19
969	65 15
970	58 16
971	57 21
972	53 20
973	53 18
974	51 15
975	55 10
976	56 12
977	52 14
978	52 11
979	54 14
980	52 20
981	57 11
982	56 11
983	56 18
984	61 9
985	51 17
986	59 13
987	59 8
988	62 16
989	61 14
990	67 14
991	67 15
992	73 10
993	73 14
994	75 12
995	74 11
996	72 13
997	69 24
998	72 16
999	71 12
1000	72 16
1001	69 17
1002	72 12
1003	71 12
1004	74 15
1005	68 17
1006	72 17
1007	71 9
1008	70 20
1009	69 10
1010	69 15
1011	68 10
1012	61 19
1013	60 17
1014	62 17
1015	63 16
1016	60 11
1017	58 21
1018	59 17
1019	62 10
1020	57 17
1021	55 18
1022	59 17
1023	55 20
1024	50 15
1025	56 11
1026	56 26
1027	53 15
1028	59 11
1029	56 11
1030	56 14
1031	59 15
1032	62 8
1033	62 14
1034	60 11
1035	60 15
1036	59 14
1037	64 4
1038	61 18
1039	67 12
1040	64 15
1041	69 13
1042	68 8
1043	71 7
1044	67 11
1045	71 14
1046	75 11
1047	69 19
1048	73 17
1049	70 16
1050	77 10
1051	75 11
1052	77 14
1053	78 12
1054	78 7
1055	75 8
1056	80 8
1057	79 13
1058	75 22
1059	78 10
1060	78 8
1061	76 12
1062	76 6
1063	75 19
1064	77 15
1065	71 14
1066	75 9
1067	73 13
1068	71 22
1069	69 19
1070	69 17
1071	66 9
1072	67 12
1073	67 11
1074	63 20
1075	60 19
1076	62 13
1077	59 14
1078	58 21
1079	56 14
1080	59 15
1081	59 22
1082	60 13
1083	56 18
1084	59 12
1085	60 15
1086	58 8
1087	61 10
1088	63 16
1089	64 12
1090	64 12
1091	60 13
1092	58 12
1093	60 3
1094	61 13
1095	55 14
1096	59 15
1097	60 14
1098	62 10
1099	61 16
1100	67 5
1101	68 12
1102	65 11
1103	66 8
1104	68 14
1105	69 12
1106	73 2
1107	73 3
1108	70 10
1109	74 7
1110	75 7
1111	76 15
1112	77 12
1113	78 11
1114	80 12
1115	77 11
1116	77 9
1117	72 15
1118	70 10
1119	74 6
1120	76 10
1121	79 3
1122	70 13
1123	79 3
1124	80 7
1125	77 5
1126	75 10
1127	76 9
1128	75 10
1129	74 12
1130	76 16
1131	77 8
1132	76 8
1133	71 10
1134	68 15
1135	69 14
1136	72 9
1137	74 9
1138	72 16
1139	74 7
1140	68 14
1141	71 8
1142	72 8
1143	71 4
1144	69 13
1145	68 12
1146	61 11
1147	60 17
1148	63 12
1149	63 8
1150	60 21
1151	62 18
1152	58 8
1153	58 24
1154	53 21
1155	55 10
1156	56 19
1157	54 16
1158	51 15
1159	50 15
1160	52 20
1161	54 22
1162	49 17
1163	50 19
1164	50 16
1165	49 13
1166	50 17
1167	52 5
1168	53 11
1169	49 12
1170	58 9
1171	52 12
1172	52 14
1173	51 9
1174	52 14
1175	51 10
1176	52 13
1177	55 8
1178	53 15
1179	54 17
1180	54 14
1181	56 13
1182	57 12
1183	58 19
1184	61 7
1185	60 11
1186	62 17
1187	63 6
1188	66 12
1189	63 19
1190	60 10
1191	65 10
1192	65 7
1193	68 6
1194	64 17
1195	64 15
1196	65 12
1197	68 15
1198	66 12
1199	65 19
1200	64 8
1201	62 10
1202	61 8
1203	62 5
1204	60 14
1205	62 11
1206	61 7
1207	60 13
1208	61 10
1209	60 11
1210	67 3
1211	64 10
1212	64 10
1213	66 11
1214	67 9
1215	68 6
1216	68 12
1217	69 16
1218	73 10
1219	70 13
1220	69 12
1221	69 14
1222	69 5
1223	66 7
1224	65 12
1225	65 2
1226	65 11
1227	64 22
1228	64 9
1229	66 11
1230	62 11
1231	62 17
1232	61 8
1233	63 11
1234	63 7
1235	61 10
1236	63 6
1237	62 8
1238	62 7
1239	58 9
1240	59 9
1241	62 8
1242	62 9
1243	64 15
1244	65 11
1245	61 18
1246	63 8
1247	65 4
1248	63 6
1249	63 9
1250	63 11
1251	61 17
1252	67 8
1253	62 8
1254	63 8
1255	65 8
1256	59 22
1257	61 18
1258	59 12
1259	59 9
1260	55 19
1261	57 16
1262	58 10
1263	61 17
1264	61 18
1265	58 18
1266	56 9
1267	55 30
1268	55 19
1269	51 13
1270	52 14
1271	51 18
1272	52 8
1273	52 16
1274	57 10
1275	59 17
1276	59 17
1277	57 17
1278	57 15
1279	59 11
1280	63 5
1281	62 21
1282	55 18
1283	64 15
1284	64 14
1285	61 23
1286	64 7
1287	66 9
1288	63 16
1289	57 13
1290	62 12
1291	60 11
1292	65 11
1293	58 8
1294	58 14
1295	59 6
1296	58 17
1297	60 15
1298	60 7
1299	61 9
1300	60 14
1301	57 15
1302	55 14
1303	54 8
1304	54 13
1305	50 18
1306	55 5
1307	57 12
1308	57 12
1309	55 16
1310	53 12
1311	54 10
1312	54 13
1313	57 8
1314	59 9
1315	57 10
1316	58 15
1317	59 20
1318	59 5
1319	55 14
1320	54 10
1321	50 12
1322	52 16
1323	54 12
1324	52 10
1325	52 9
1326	53 7
1327	54 15
1328	56 13
1329	56 9
1330	53 10
1331	55 12
1332	52 13
1333	59 13
1334	60 10
1335	61 16
1336	59 6
1337	59 17
1338	59 13
1339	62 5
1340	64 15
1341	62 7
1342	59 11
1343	61 5
1344	62 7
1345	60 9
1346	66 13
1347	62 10
1348	65 6
1349	66 9
1350	66 8
1351	71 9
1352	68 15
1353	67 10
1354	66 9
1355	66 8
1356	68 7
1357	64 7
1358	63 14
1359	68 9
1360	68 5
1361	68 4
1362	67 6
1363	69 4
1364	70 6
1365	73 7
1366	71 8
1367	68 9
1368	74 7
1369	71 7
1370	73 7
1371	73 14
1372	77 9
1373	74 12
1374	73 11
1375	74 11
1376	71 14
1377	69 14
1378	65 13
1379	64 9
1380	63 8
1381	61 11
1382	60 14
1383	64 11
1384	61 14
1385	59 14
1386	64 14
1387	62 13
1388	63 12
1389	62 9
1390	67 20
1391	68 14
1392	65 38
1393	66 12
1394	59 22
1395	63 27
1396	61 16
1397	63 20
1398	59 25
1399	61 22
1400	63 15
1401	60 27
1402	63 11
1403	64 9
1404	65 21
1405	58 19
1406	63 21
1407	59 23
1408	62 25
1409	68 40
1410	59 27
1411	66 17
1412	64 40
1413	58 46
1414	55 47
1415	53 45
1416	50 37
1417	52 49
1418	47 58
1419	49 63
1420	53 60
1421	50 50
1422	52 91
1423	49 103
1424	48 101
1425	43 102
1426	41 65
1427	46 86
1428	45 111
1429	41 165
1430	48 121
1431	54 79
1432	50 129
1433	53 100
1434	58 99
1435	53 137
1436	52 111
1437	63 131
1438	55 104
1439	58 125
1440	58 125
1441	68 134
1442	69 117
1443	67 139
1444	67 122
1445	65 116
1446	59 118
1447	66 114
1448	66 116
1449	63 116
1450	63 132
1451	55 111
1452	64 134
1453	65 108
1454	59 118
1455	64 128
1456	57 122
1457	49 127
1458	52 140
1459	54 104
1460	59 138
1461	53 146
1462	52 150
1463	54 156
1464	55 132
1465	56 144
1466	55 124
1467	53 160
1468	49 138
1469	58 135
1470	58 139
1471	49 167
1472	61 126
1473	51 140
1474	60 165
1475	64 150
1476	65 162
1477	54 185
1478	70 133
1479	62 170
1480	62 141
1481	68 124
1482	71 147
1483	67 166
1484	66 185
1485	66 126
1486	68 139
1487	67 139
1488	62 181
1489	67 173
1490	58 159
1491	75 125
1492	71 158
1493	71 148
1494	75 160
1495	55 182
1496	66 177
1497	66 152
1498	67 174
1499	66 148
1500	61 161
1501	68 186
1502	55 195
1503	55 194
1504	61 179
1505	52 183
1506	63 157
1507	64 174
1508	62 171
1509	68 180
1510	70 212
1511	65 163
1512	67 177
1513	65 156
1514	75 164
1515	73 161
1516	75 139
1517	75 147
1518	71 137
1519	74 124
1520	71 141
1521	78 135
1522	69 131
1523	78 121
1524	74 118
1525	77 116
1526	68 143
1527	84 168
1528	72 117
1529	74 103
1530	72 94
1531	72 104
1532	63 122
1533	58 136
1534	71 118
1535	72 115
1536	72 101
1537	69 130
1538	72 115
1539	73 116
1540	71 111
1541	67 121
1542	73 101
1543	68 116
1544	67 136
1545	64 139
1546	65 123
1547	62 123
1548	71 123
1549	64 124
1550	58 128
1551	63 128
1552	67 134
1553	61 131
1554	63 127
1555	68 137
1556	57 141
1557	58 147
1558	56 107
1559	65 128
1560	55 118
1561	63 135
1562	60 149
1563	62 114
1564	64 130
1565	66 115
1566	51 172
1567	55 148
1568	61 132
1569	57 159
1570	61 152
1571	57 137
1572	57 156
1573	57 147
1574	69 135
1575	69 140
1576	66 171
1577	63 155
1578	61 123
1579	64 142
1580	77 140
1581	68 143
1582	72 122
1583	69 156
1584	67 116
1585	74 122
1586	72 98
1587	68 163
1588	76 108
1589	74 131
1590	72 149
1591	74 100
1592	71 136
1593	70 146
1594	71 165
1595	74 145
1596	66 125
1597	73 122
1598	66 133
1599	67 133
1600	62 101
1601	69 119
1602	75 95
1603	71 118
1604	71 103
1605	67 96
1606	68 115
1607	65 103
1608	68 123
1609	71 85
1610	74 132
1611	70 124
1612	78 120
1613	68 123
1614	71 104
1615	69 112
1616	58 131
1617	56 135
1618	66 113
1619	60 135
1620	63 128
1621	68 114
1622	68 138
1623	57 130
1624	64 121
1625	71 112
1626	72 132
1627	61 105
1628	65 121
1629	60 120
1630	70 109
1631	66 122
1632	59 84
1633	62 115
1634	61 101
1635	66 130
1636	61 97
1637	55 103
1638	65 85
1639	61 103
1640	58 84
1641	64 118
1642	58 90
1643	53 100
1644	66 112
1645	56 101
1646	57 78
1647	65 107
1648	65 97
1649	64 106
1650	71 109
1651	65 91
1652	66 89
1653	63 85
1654	65 99
1655	72 97
1656	57 76
1657	63 81
1658	66 101
1659	59 99
1660	66 85
1661	57 120
1662	66 97
1663	59 101
1664	62 118
1665	64 130
1666	66 79
1667	64 117
1668	55 102
1669	61 103
1670	54 102
1671	61 98
1672	59 117
1673	56 116
1674	59 114
1675	60 94
1676	56 90
1677	62 95
1678	58 109
1679	54 117
1680	56 122
1681	60 115
1682	53 117
1683	57 107
1684	63 94
1685	62 78
1686	55 83
1687	62 88
1688	60 86
1689	52 118
1690	56 92
1691	66 98
1692	62 84
1693	63 67
1694	64 60
1695	60 68
1696	64 79
1697	61 87
1698	59 52
1699	66 75
1700	64 54
1701	58 71
1702	60 62
1703	56 69
1704	56 70
1705	58 69
1706	60 59
1707	58 70
1708	57 63
1709	61 60
1710	63 36
1711	57 59
1712	68 61
1713	61 62
1714	58 61
1715	59 57
1716	62 58
1717	62 64
1718	57 60
1719	58 76
1720	60 68
1721	52 58
1722	56 65
1723	58 62
1724	55 52
1725	54 59
1726	56 59
1727	52 61
1728	57 63
1729	58 63
1730	63 53
1731	60 50
1732	60 49
1733	54 63
1734	49 79
1735	53 66
1736	51 62
1737	53 69
1738	50 63
1739	52 57
1740	50 81
1741	48 76
1742	48 90
1743	43 77
1744	44 65
1745	45 86
1746	44 80
1747	41 101
1748	45 117
1749	44 93
1750	46 82
1751	50 90
1752	55 72
1753	50 77
1754	49 67
1755	57 76
1756	59 76
1757	64 62
1758	68 70
1759	60 81
1760	64 81
1761	57 70
1762	68 61
1763	67 60
1764	61 58
1765	66 78
1766	64 70
1767	58 95
1768	69 59
1769	64 50
1770	75 47
1771	63 65
1772	70 49
1773	70 70
1774	59 46
1775	68 62
1776	59 51
1777	72 38
1778	69 40
1779	61 60
1780	60 57
1781	59 65
1782	61 52
1783	59 57
1784	65 64
1785	61 47
1786	63 41
1787	64 43
1788	59 55
1789	66 48
1790	62 59
1791	62 37
1792	62 45
1793	64 47
1794	68 39
1795	66 35
1796	70 46
1797	72 45
1798	72 34
1799	70 29
1800	66 34
1801	71 31
1802	67 35
1803	58 57
1804	64 48
1805	62 42
1806	56 36
1807	56 41
1808	53 41
1809	54 61
1810	58 38
1811	54 45
1812	58 49
1813	57 57
1814	56 72
1815	61 37
1816	61 70
1817	60 56
1818	59 45
1819	57 45
1820	52 91
1821	57 55
1822	57 75
1823	58 81
1824	54 88
1825	58 65
1826	55 73
1827	57 92
1828	55 57
1829	56 113
1830	55 98
1831	62 73
1832	53 85
1833	56 80
1834	54 92
1835	47 94
1836	59 77
1837	58 87
1838	61 83
1839	68 69
1840	60 82
1841	64 84
1842	69 65
1843	65 77
1844	75 44
1845	71 68
1846	70 63
1847	74 64
1848	75 87
1849	79 45
1850	74 73
1851	74 50
1852	73 58
1853	66 69
1854	67 55
1855	62 60
1856	70 33
1857	74 62
1858	71 64
1859	67 52
1860	67 45
1861	64 42
1862	66 48
1863	65 28
1864	68 34
1865	67 33
1866	72 35
1867	69 43
1868	71 46
1869	70 39
1870	71 34
1871	69 36
1872	68 39
1873	68 23
1874	63 39
1875	65 26
1876	68 15
1877	69 31
1878	69 32
1879	67 22
1880	67 18
1881	65 25
1882	65 31
1883	63 26
1884	64 30
1885	66 18
1886	68 16
1887	70 16
1888	66 26
1889	67 15
1890	65 20
1891	67 16
1892	65 14
1893	66 18
1894	65 28
1895	66 18
1896	67 11
1897	66 10
1898	69 13
1899	72 8
1900	70 11
1901	72 11
1902	71 15
1903	73 12
1904	73 7
1905	74 7
1906	73 11
1907	76 9
1908	76 9
1909	78 10
1910	76 8
1911	72 11
1912	79 8
1913	77 6
1914	77 10
1915	76 13
1916	75 12
1917	78 7
1918	77 12
1919	76 9
1920	78 11
1921	80 4
1922	73 17
1923	75 11
1924	71 8
1925	70 9
1926	70 17
1927	71 6
1928	71 13
1929	72 8
1930	63 12
1931	66 9
1932	66 9
1933	66 9
1934	62 16
1935	63 6
1936	63 5
1937	61 7
1938	67 5
1939	66 5
1940	58 11
1941	61 13
1942	66 7
1943	65 7
1944	61 16
1945	64 6
1946	63 9
1947	67 14
1948	66 6
1949	65 7
1950	69 4
1951	66 8
1952	67 6
1953	66 6
1954	67 7
1955	62 12
1956	69 5
1957	70 6
1958	66 8
1959	66 9
1960	70 2
1961	71 5
1962	72 5
1963	75 2
1964	75 9
1965	78 6
1966	74 10
1967	74 6
1968	75 10
1969	76 8
1970	79 10
1971	83 6
1972	79 12
1973	83 8
1974	77 7
1975	72 7
1976	76 12
1977	75 11
1978	78 5
1979	76 2
1980	75 9
1981	74 8
1982	77 6
1983	70 13
1984	69 9
1985	68 6
1986	65 9
1987	71 11
1988	68 8
1989	66 6
1990	68 9
1991	66 7
1992	65 5
1993	67 5
1994	69 8
1995	67 7
1996	67 8
1997	65 10
1998	67 5
1999	65 5
2000	67 9
2001	65 10
2002	65 9
2003	64 10
2004	67 9
2005	67 9
2006	66 8
2007	66 8
2008	65 9
2009	66 7
2010	65 11
2011	62 8
2012	67 4
2013	64 11
2014	65 11
2015	69 8
2016	66 11
2017	67 11
2018	69 6
2019	68 9
2020	69 4
2021	68 10
2022	69 7
2023	72 9
2024	73 7
2025	72 7
2026	72 4
2027	70 11
2028	70 10
2029	66 12
2030	67 5
2031	66 8
2032	69 9
2033	70 4
2034	70 8
2035	72 9
2036	72 6
2037	74 11
2038	77 4
2039	75 8
2040	76 12
2041	77 5
2042	70 10
2043	72 3
2044	72 2
2045	72 3
2046	68 14
2047	70 8
2048	68 7
2049	67 13
2050	64 16
2051	65 7
2052	65 8
2053	70 5
2054	68 11
2055	71 3
2056	75 4
2057	75 4
2058	70 12
2059	73 5
2060	73 5
2061	77 7
2062	77 8
2063	76 7
2064	77 6
2065	81 5
2066	84 7
2067	80 4
2068	82 5
2069	80 11
2070	80 9
2071	81 2
2072	83 6
2073	82 4
2074	83 8
2075	83 7
2076	82 6
2077	80 11
2078	81 4
2079	79 10
2080	79 5
2081	79 6
2082	77 15
2083	76 9
2084	79 6
2085	76 8
2086	77 6
2087	75 11
2088	71 13
2089	72 5
2090	75 12
2091	72 7
2092	72 6
2093	72 9
2094	73 5
2095	73 10
2096	70 6
2097	67 14
2098	71 3
2099	69 5
2100	70 6
2101	71 5
2102	71 10
2103	72 7
2104	73 8
2105	71 3
2106	76 4
2107	76 6
2108	74 11
2109	77 5
2110	75 3
2111	77 3
2112	80 5
2113	78 6
2114	79 4
2115	79 7
2116	80 2
2117	82 8
2118	82 5
2119	81 11
2120	78 7
2121	79 6
2122	78 5
2123	80 4
2124	80 6
2125	82 7
2126	81 4
2127	84 4
2128	81 4
2129	79 3
2130	80 6
2131	82 3
2132	80 6
2133	80 4
2134	78 10
2135	82 4
2136	79 5
2137	80 6
2138	81 5
2139	80 5
2140	80 5
2141	82 5
2142	81 8
2143	83 4
2144	81 5
2145	79 5
2146	76 10
2147	74 8
2148	76 4
2149	77 3
2150	78 2
2151	75 11
2152	77 4
2153	72 8
2154	71 10
2155	76 1
2156	76 1
2157	76 2
2158	74 8
2159	74 6
2160	74 9
2161	77 3
2162	77 7
2163	77 8
2164	79 6
2165	79 14
2166	78 10
2167	81 2
2168	77 8
2169	78 6
2170	77 3
2171	80 5
2172	78 7
2173	78 6
2174	81 3
2175	80 4
2176	75 8
2177	77 3
2178	77 4
2179	77 9
2180	77 8
2181	79 7
2182	78 4
2183	79 6
2184	81 5
2185	83 5
2186	81 7
2187	83 6
2188	81 6
2189	84 3
2190	84 2
2191	85 2
2192	87 8
2193	87 4
2194	87 2
2195	88 4
2196	86 7
2197	87 4
2198	85 5
2199	87 6
2200	87 7
2201	88 3
2202	88 1
2203	86 8
2204	88 4
2205	83 6
2206	84 2
2207	86 8
2208	87 6
2209	84 4
2210	86 5
2211	86 7
2212	83 7
2213	87 3
2214	88 2
2215	86 10
2216	87 6
2217	88 5
2218	88 9
2219	85 9
2220	86 6
2221	84 6
2222	82 9
2223	82 8
2224	84 6
2225	82 10
2226	79 9
2227	75 8
2228	80 7
2229	82 11
2230	81 7
2231	78 9
2232	80 9
2233	76 11
2234	79 12
2235	76 5
2236	75 10
2237	77 14
2238	77 10
2239	76 17
2240	72 18
2241	72 9
2242	74 11
2243	71 12
2244	71 17
2245	69 17
2246	71 11
2247	67 12
2248	70 17
2249	68 13
2250	68 19
2251	69 14
2252	64 23
2253	64 21
2254	65 17
2255	67 17
2256	61 30
2257	69 20
2258	71 19
2259	68 31
2260	66 26
2261	65 25
2262	65 30
2263	65 43
2264	68 38
2265	59 26
2266	58 31
2267	58 29
2268	58 30
2269	61 25
2270	61 32
2271	63 38
2272	56 57
2273	61 51
2274	65 42
2275	63 52
2276	70 29
2277	65 40
2278	65 37
2279	55 61
2280	59 36
2281	57 54
2282	56 64
2283	56 42
2284	55 64
2285	52 51
2286	55 78
2287	53 66
2288	56 52
2289	51 62
2290	51 39
2291	53 49
2292	54 59
2293	52 45
2294	51 47
2295	55 48
2296	55 60
2297	59 49
2298	61 53
2299	65 69
2300	60 47
2301	57 50
2302	61 51
2303	64 45
2304	58 53
2305	65 79
2306	64 81
2307	62 51
2308	68 46
2309	56 46
2310	57 45
2311	58 51
2312	55 48
2313	59 54
2314	52 55
2315	57 41
2316	58 49
2317	64 48
2318	67 51
2319	66 49
2320	58 57
2321	53 40
2322	57 56
2323	61 53
2324	57 48
2325	66 32
2326	65 48
2327	61 62
2328	61 55
2329	61 57
2330	60 51
2331	54 53
2332	53 51
2333	60 58
2334	61 47
2335	64 53
2336	63 52
2337	59 67
2338	65 61
2339	69 69
2340	69 53
2341	64 59
2342	68 78
2343	70 48
2344	60 97
2345	64 57
2346	67 50
2347	66 63
2348	67 60
2349	67 62
2350	71 40
2351	70 45
2352	66 50
2353	63 63
2354	63 42
2355	68 50
2356	70 54
2357	67 58
2358	62 53
2359	66 58
2360	62 53
2361	65 72
2362	58 78
2363	67 51
2364	62 65
2365	66 66
2366	66 67
2367	62 65
2368	63 58
2369	63 43
2370	66 38
2371	68 56
2372	62 62
2373	67 62
2374	66 58
2375	71 46
2376	77 33
2377	78 44
2378	75 49
2379	75 70
2380	73 55
2381	74 65
2382	77 51
2383	76 55
2384	71 58
2385	74 56
2386	69 64
2387	73 40
2388	74 43
2389	68 45
2390	76 52
2391	72 65
2392	76 38
2393	76 50
2394	74 50
2395	75 47
2396	76 42
2397	70 53
2398	74 50
2399	73 51
2400	75 50
2401	73 75
2402	73 54
2403	66 54
2404	68 70
2405	73 61
2406	63 51
2407	69 60
2408	67 43
2409	65 54
2410	65 43
2411	62 85
2412	67 41
2413	66 54
2414	64 75
2415	62 60
2416	59 40
2417	60 75
2418	56 52
2419	59 68
2420	66 61
2421	65 62
2422	65 54
2423	62 44
2424	67 63
2425	66 70
2426	64 57
2427	63 56
2428	64 69
2429	66 43
2430	75 71
2431	69 75
2432	66 85
2433	64 45
2434	63 70
2435	70 55
2436	65 49
2437	68 78
2438	63 60
2439	59 64
2440	65 47
2441	68 60
2442	67 57
2443	72 53
2444	67 50
2445	67 44
2446	69 58
2447	75 62
2448	74 58
2449	74 64
2450	70 41
2451	63 47
2452	63 65
2453	62 53
2454	64 47
2455	62 28
2456	61 48
2457	63 42
2458	57 40
2459	60 42
2460	61 58
2461	60 43
2462	55 58
2463	56 64
2464	61 48
2465	61 50
2466	58 53
2467	62 51
2468	59 38
2469	59 45
2470	60 42
2471	60 43
2472	53 38
2473	56 47
2474	55 38
2475	56 40
2476	53 51
2477	57 50
2478	53 39
2479	55 43
2480	58 42
2481	61 37
2482	51 54
2483	60 53
2484	61 52
2485	58 41
2486	59 35
2487	57 42
2488	54 52
2489	54 37
2490	49 49
2491	52 41
2492	52 37
2493	56 34
2494	53 37
2495	54 32
2496	54 52
2497	52 40
2498	55 40
2499	56 46
2500	61 49
2501	63 50
2502	59 37
2503	58 32
2504	64 53
2505	67 32
2506	64 33
2507	62 38
2508	62 55
2509	61 44
2510	67 32
2511	58 44
2512	62 53
2513	63 36
2514	63 39
2515	61 46
2516	61 38
2517	60 38
2518	59 39
2519	62 36
2520	56 55
2521	51 30
2522	53 40
2523	59 34
2524	63 37
2525	56 30
2526	57 42
2527	55 50
2528	55 59
2529	57 51
2530	59 54
2531	61 40
2532	54 45
2533	58 43
2534	62 51
2535	57 38
2536	61 43
2537	62 40
2538	68 49
2539	64 45
2540	66 47
2541	65 41
2542	61 54
2543	61 42
2544	62 30
2545	63 40
2546	58 57
2547	58 39
2548	61 44
2549	63 32
2550	64 42
2551	61 42
2552	65 50
2553	63 44
2554	60 40
2555	61 31
2556	64 41
2557	69 42
2558	63 39
2559	63 48
2560	61 31
2561	68 35
2562	61 35
2563	61 26
2564	61 38
2565	56 27
2566	59 38
2567	55 25
2568	54 30
2569	60 38
2570	60 35
2571	66 31
2572	61 30
2573	63 26
2574	64 35
2575	61 21
2576	58 31
2577	64 32
2578	62 39
2579	58 40
2580	57 28
2581	58 39
2582	53 31
2583	59 30
2584	57 51
2585	58 29
2586	61 17
2587	59 32
2588	59 37
2589	58 31
2590	59 24
2591	57 25
2592	56 25
2593	58 27
2594	57 32
2595	58 30
2596	56 33
2597	57 18
2598	56 16
2599	56 23
2600	57 19
2601	62 15
2602	57 26
2603	58 25
2604	59 13
2605	61 19
2606	57 18
2607	61 16
2608	63 16
2609	62 13
2610	63 21
2611	66 7
2612	65 18
2613	66 12
2614	64 10
2615	63 18
2616	67 10
2617	69 13
2618	69 11
2619	70 14
2620	68 11
2621	70 15
2622	72 15
2623	74 10
2624	77 14
2625	76 8
2626	79 8
2627	78 7
2628	77 4
2629	74 11
2630	74 8
2631	77 8
2632	75 8
2633	75 4
2634	72 12
2635	78 4
2636	75 4
2637	72 8
2638	75 2
2639	74 10
2640	76 11
2641	74 12
2642	75 5
2643	73 8
2644	76 3
2645	76 3
2646	74 6
2647	74 2
2648	71 7
2649	72 6
2650	73 6
2651	76 6
2652	76 6
2653	77 3
2654	79 2
2655	78 2
2656	80 5
2657	79 3
2658	80 4
2659	80 5
2660	81 4
2661	82 3
2662	81 1
2663	80 6
2664	81 6
2665	81 6
2666	85 3
2667	87 2
2668	84 6
2669	84 1
2670	83 9
2671	84 3
2672	79 9
2673	83 4
2674	82 3
2675	82 4
2676	78 10
2677	80 3
2678	81 3
2679	81 3
2680	78 11
2681	78 5
2682	78 8
2683	77 5
2684	77 3
2685	77 6
2686	78 4
2687	77 3
2688	79 7
2689	81 3
2690	79 3
2691	79 5
2692	77 5
2693	75 9
2694	74 7
2695	76 2
2696	77 3
2697	75 5
2698	78 4
2699	76 6
2700	78 4
2701	78 4
2702	80 3
2703	81 5
2704	81 5
2705	84 2
2706	84 5
2707	83 6
2708	84 16
2709	83 6
2710	85 5
2711	84 4
2712	84 1
2713	86 8
2714	84 5
2715	83 6
2716	82 8
2717	81 6
2718	84 3
2719	83 8
2720	82 4
2721	80 6
2722	82 1
2723	82 4
2724	80 4
2725	81 7
2726	77 11
2727	77 5
2728	74 4
2729	74 4
2730	71 13
2731	67 4
2732	65 9
2733	68 4
2734	68 5
2735	72 9
2736	69 8
2737	70 9
2738	74 5
2739	70 7
2740	74 2
2741	72 4
2742	74 6
2743	75 4
2744	76 8
2745	78 5
2746	79 6
2747	75 6
2748	78 4
2749	79 3
2750	77 15
2751	78 5
2752	77 1
2753	76 5
2754	75 3
2755	76 4
2756	72 12
2757	72 8
2758	70 7
2759	72 5
2760	74 2
2761	74 5
2762	76 2
2763	75 1
2764	73 5
2765	74 4
2766	75 6
2767	71 13
2768	75 2
2769	75 3
2770	74 4
2771	74 3
2772	77 2
2773	78 4
2774	79 5
2775	82 7
2776	87 6
2777	89 0
2778	87 7
2779	86 2
2780	81 7
2781	82 4
2782	82 5
2783	81 4
2784	80 5
2785	84 3
2786	83 3
2787	84 4
2788	81 6
2789	80 4
2790	79 3
2791	78 3
2792	79 2
2793	76 3
2794	78 0
2795	78 1
2796	80 2
2797	81 2
2798	82 2
2799	84 2
2800	82 2
2801	82 3
2802	86 2
2803	85 3
2804	82 6
2805	86 1
2806	85 3
2807	90 1
2808	90 1
2809	89 2
2810	88 4
2811	85 6
2812	86 3
2813	84 3
2814	85 4
2815	86 2
2816	87 0
2817	88 5
2818	85 5
2819	86 4
2820	87 2
2821	88 2
2822	87 4
2823	89 2
2824	87 2
2825	88 6
2826	88 0
2827	88 1
2828	87 4
2829	88 3
2830	87 1
2831	87 2
2832	84 2
2833	86 2
2834	85 2
2835	86 2
2836	87 2
2837	87 2
2838	80 8
2839	82 1
2840	81 3
2841	83 1
2842	80 4
2843	83 2
2844	82 8
2845	80 2
2846	82 1
2847	82 3
2848	83 0
2849	82 3
2850	82 4
2851	84 3
2852	82 8
2853	81 3
2854	82 4
2855	84 4
2856	82 4
2857	84 1
2858	82 2
2859	80 6
2860	82 3
2861	80 2
2862	80 4
2863	81 2
2864	82 2
2865	80 3
2866	78 7
2867	77 6
2868	78 2
2869	79 0
2870	80 4
2871	82 4
2872	80 3
2873	79 6
2874	79 3
2875	80 3
2876	80 2
2877	82 1
2878	82 3
2879	81 2
2880	79 3
2881	81 1
2882	79 3
2883	79 3
2884	83 5
2885	84 0
2886	85 0
2887	83 2
2888	83 3
2889	82 3
2890	84 0
2891	84 1
2892	85 3
2893	87 2
2894	86 2
2895	87 2
2896	88 2
2897	90 1
2898	89 3
2899	86 6
2900	89 1
2901	89 1
2902	87 4
2903	85 5
2904	88 1
2905	86 1
2906	86 3
2907	84 3
2908	86 5
2909	86 4
2910	85 5
2911	88 1
2912	89 1
2913	90 1
2914	89 1
2915	89 2
2916	90 0
2917	90 0
2918	89 2
2919	90 1
2920	86 4
2921	89 1
2922	90 3
2923	92 0
2924	93 2
2925	92 2
2926	92 2
2927	94 0
2928	90 4
2929	90 3
2930	90 3
2931	92 1
2932	91 3
2933	92 3
2934	91 2
2935	92 0
2936	89 4
2937	90 3
2938	89 3
2939	91 0
2940	90 1
2941	90 1
2942	91 1
2943	90 2
2944	89 1
2945	90 2
2946	92 4
2947	94 0
2948	94 0
2949	94 1
2950	92 7
2951	93 2
2952	93 4
2953	92 1
2954	93 4
2955	92 0
2956	92 2
2957	93 4
2958	91 0
2959	90 1
2960	89 2
2961	90 2
2962	88 3
2963	87 2
2964	87 3
2965	88 3
2966	89 1
2967	90 2
2968	90 3
2969	89 2
2970	89 2
2971	87 5
2972	89 1
2973	90 3
2974	88 2
2975	91 2
2976	91 2
2977	90 4
2978	92 1
2979	89 5
2980	91 2
2981	90 1
2982	89 3
2983	91 2
2984	89 3
2985	90 4
2986	91 0
2987	91 1
2988	91 3
2989	92 1
2990	91 6
2991	88 2
2992	89 4
2993	88 4
2994	90 3
2995	90 2
2996	89 7
2997	91 3
2998	91 5
2999	91 2
3000	91 1
3001	92 3
3002	93 4
3003	93 5
3004	91 6
3005	93 3
3006	91 3
3007	93 2
3008	93 2
3009	93 3
3010	92 3
3011	91 3
3012	92 0
3013	91 3
3014	92 2
3015	89 3
3016	91 1
3017	89 7
3018	92 1
3019	91 4
3020	90 5
3021	92 1
3022	93 2
3023	93 1
3024	93 2
3025	92 2
3026	93 2
3027	92 3
3028	91 6
3029	93 5
3030	93 3
3031	93 3
3032	92 4
3033	92 2
3034	87 6
3035	86 4
3036	87 5
3037	87 2
3038	88 3
3039	87 7
3040	87 2
3041	87 2
3042	87 2
3043	84 8
3044	82 7
3045	82 2
3046	77 9
3047	81 3
3048	80 5
3049	81 10
3050	79 5
3051	81 6
3052	81 4
3053	80 3
3054	78 5
3055	78 5
3056	78 7
3057	77 4
3058	79 2
3059	79 5
3060	75 5
3061	73 5
3062	77 1
3063	77 5
3064	76 7
3065	79 4
3066	77 3
3067	78 4
3068	79 5
3069	78 3
3070	75 8
3071	78 6
3072	78 5
3073	78 8
3074	81 4
3075	82 3
3076	80 6
3077	80 5
3078	78 4
3079	82 2
3080	81 4
3081	81 7
3082	80 3
3083	76 6
3084	77 5
3085	78 3
3086	80 1
3087	80 7
3088	80 4
3089	79 8
3090	79 2
3091	78 9
3092	79 6
3093	80 5
3094	79 10
3095	80 2
3096	79 5
3097	75 13
3098	76 7
3099	76 13
3100	76 10
3101	76 11
3102	74 12
3103	71 14
3104	76 8
3105	77 8
3106	75 13
3107	76 14
3108	75 9
3109	74 16
3110	75 7
3111	72 11
3112	69 5
3113	70 9
3114	72 9
3115	64 17
3116	72 9
3117	74 7
3118	74 10
3119	75 10
3120	74 19
3121	72 16
3122	73 14
3123	72 14
3124	69 24
3125	66 17
3126	62 20
3127	65 15
3128	67 9
3129	67 20
3130	66 11
3131	67 14
3132	66 17
3133	63 22
3134	64 21
3135	68 13
3136	67 16
3137	67 23
3138	66 23
3139	61 23
3140	62 15
3141	60 20
3142	60 20
3143	60 33
3144	57 30
3145	52 31
3146	57 17
3147	56 19
3148	55 21
3149	55 35
3150	56 29
3151	58 15
3152	59 24
3153	62 18
3154	61 26
3155	61 27
3156	62 22
3157	66 14
3158	70 14
3159	70 24
3160	67 20
3161	66 16
3162	67 30
3163	65 12
3164	68 22
3165	66 17
3166	68 23
3167	69 19
3168	69 14
3169	65 18
3170	66 20
3171	65 26
3172	69 22
3173	68 12
3174	74 11
3175	69 20
3176	74 13
3177	69 20
3178	70 13
3179	65 27
3180	69 18
3181	68 16
3182	66 16
3183	63 20
3184	63 22
3185	61 19
3186	62 30
3187	64 23
3188	64 17
3189	66 25
3190	61 26
3191	62 22
3192	65 21
3193	63 21
3194	64 21
3195	60 12
3196	60 19
3197	60 27
3198	64 18
3199	60 17
3200	59 28
3201	63 15
3202	63 25
3203	64 42
3204	62 24
3205	63 31
3206	63 30
3207	62 21
3208	64 23
3209	63 23
3210	63 26
3211	62 37
3212	61 22
3213	67 32
3214	68 35
3215	68 28
3216	64 38
3217	67 35
3218	67 29
3219	67 29
3220	65 26
3221	68 39
3222	65 36
3223	69 34
3224	67 16
3225	67 46
3226	64 18
3227	63 26
3228	67 32
3229	67 23
3230	66 31
3231	71 17
3232	65 33
3233	61 21
3234	67 20
3235	66 27
3236	63 27
3237	64 18
3238	64 29
3239	64 24
3240	64 22
3241	64 16
3242	65 23
3243	59 26
3244	60 35
3245	63 15
3246	65 22
3247	64 24
3248	66 17
3249	63 22
3250	66 23
3251	68 29
3252	66 18
3253	63 27
3254	62 28
3255	60 10
3256	61 25
3257	67 18
3258	63 22
3259	62 21
3260	63 23
3261	64 27
3262	63 32
3263	64 19
3264	63 28
3265	62 14
3266	66 31
3267	62 27
3268	66 17
3269	65 22
3270	61 37
3271	60 40
3272	60 28
3273	60 31
3274	59 48
3275	60 31
3276	62 38
3277	60 34
3278	65 43
3279	64 26
3280	64 33
3281	67 35
3282	66 27
3283	65 40
3284	67 39
3285	68 21
3286	67 24
3287	67 33
3288	71 22
3289	73 17
3290	70 21
3291	70 29
3292	66 31
3293	72 21
3294	69 27
3295	70 19
3296	70 20
3297	68 20
3298	70 17
3299	67 25
3300	65 23
3301	68 17
3302	64 17
3303	64 20
3304	65 8
3305	60 10
3306	59 20
3307	60 17
3308	61 14
3309	64 12
3310	63 19
3311	63 9
3312	64 7
3313	61 15
3314	62 18
3315	60 14
3316	64 6
3317	66 13
3318	67 8
3319	68 11
3320	69 15
3321	64 13
3322	69 4
3323	69 7
3324	68 13
3325	68 10
3326	71 9
3327	68 9
3328	67 14
3329	69 12
3330	66 12
3331	68 10
3332	68 13
3333	68 11
3334	70 15
3335	70 5
3336	72 14
3337	70 6
3338	68 15
3339	71 12
3340	70 10
3341	72 12
3342	73 5
3343	75 7
3344	74 8
3345	76 8
3346	76 11
3347	79 5
3348	79 3
3349	81 2
3350	79 4
3351	79 2
3352	75 6
3353	77 3
3354	76 8
3355	77 9
3356	77 5
3357	80 4
3358	80 4
3359	82 1
3360	78 6
3361	78 12
3362	76 12
3363	78 6
3364	75 7
3365	75 11
3366	73 17
3367	73 7
3368	76 6
3369	72 12
3370	72 5
3371	75 7
3372	75 2
3373	75 4
3374	75 8
3375	77 5
3376	74 12
3377	77 2
3378	76 5
3379	76 3
3380	79 3
3381	77 10
3382	78 3
3383	79 4
3384	79 4
3385	79 2
3386	78 7
3387	80 3
3388	78 1
3389	76 5
3390	76 3
3391	78 4
3392	78 0
3393	75 2
3394	75 3
3395	79 3
3396	80 0
3397	81 3
3398	82 2
3399	83 0
3400	83 3
3401	85 1
3402	88 0
3403	87 4
3404	89 1
3405	91 3
3406	91 0
3407	92 2
3408	93 0
3409	93 1
3410	92 1
3411	92 0
3412	91 1
3413	93 0
3414	94 0
3415	94 1
3416	96 0
3417	96 0
3418	96 0
3419	96 0
3420	95 1
3421	96 0
3422	95 0
3423	95 0
3424	96 0
3425	96 0
3426	97 1
3427	98 0
3428	98 0
3429	98 0
3430	98 1
