1	10874
2	614
3	498
4	75
5	0
6	0
7	0
8	46
9	16
10	2492
11	1
12	16
13	15298
14	305
15	0
16	2835
17	3932
18	14
19	30
20	142
21	121
22	36
23	812
24	312
25	260
26	533
27	294
28	368
29	264
30	402
31	3518
32	1283
33	433
34	392
35	576
36	1158
37	537
38	658
39	170
40	1088
41	285
42	1150
43	1189
44	1050
45	1000
46	4670
47	854
48	1429
49	75
50	385
51	1258
52	1106
53	1615
54	262
55	835
56	104
57	894
58	209
59	1586
60	596
61	836
62	357
63	752
64	275
65	206
66	818
67	268
68	627
69	89
70	200
71	710
72	529
73	353
74	507
75	362
76	470
77	374
78	379
79	866
80	1024
81	447
82	209
83	247
84	746
85	473
86	339
87	657
88	1119
89	374
90	457
91	409
92	123
93	1242
94	439
95	196
96	551
97	0
98	26813
99	0
100	5371

